533
6714 7
9579 58
7942 47
427 15
1905 6
7850 54
3823 78
6614 14
8172 20
6757 48
29 68
7734 61
8460 61
4393 63
5341 59
2079 44
695 70
1910 62
9757 19
7473 25
6462 75
3940 34
6397 2
4335 50
3790 85
7800 17
8497 17
2276 16
3238 3
7523 88
7908 32
2678 52
4032 52
155 5
4293 70
8524 74
2596 21
8136 28
321 55
3661 69
4645 28
9277 31
7066 48
1615 55
3991 30
91 74
6420 46
3529 64
8201 20
8947 36
6102 1
2022 67
8755 6
4905 59
1225 15
115 81
5830 39
2676 20
8003 33
466 63
19 16
5130 2
3624 45
3536 1
2071 58
5229 45
9485 86
6133 5
5301 52
6656 55
7720 72
3187 66
1903 68
7839 20
5797 51
8923 67
3742 28
7123 65
1531 15
1608 61
7591 19
7502 88
7983 4
6547 2
890 65
5783 14
4176 56
846 33
9207 37
6219 80
3175 80
9001 82
8876 8
3133 75
737 69
4241 54
3022 28
8522 48
924 79
2472 69
9534 79
5049 27
277 73
2196 52
7148 28
3978 27
2371 47
8590 25
933 54
6457 70
3844 1
4933 24
3974 77
305 30
3240 62
3861 46
102 12
8210 85
7502 10
8539 59
2988 28
4146 27
6788 29
8311 66
667 60
2522 37
9949 83
9471 37
1113 43
3341 68
9526 1
4132 25
7530 55
8452 65
1049 37
3825 69
5478 15
1017 27
7127 64
6387 72
9628 57
7187 28
3426 64
1297 55
6111 27
1849 54
2796 23
120 40
5617 58
3343 33
5117 14
3078 85
9186 73
6025 61
2793 9
6582 37
3075 1
5408 38
9769 51
7847 29
515 3
2766 50
3054 44
4858 85
6307 48
7696 24
7448 68
6726 84
5571 56
9985 78
7348 5
3748 4
6819 30
1151 2
4192 80
7573 87
8153 67
2427 27
5323 45
9365 12
1867 18
1419 13
6653 26
427 5
609 8
4608 70
1459 8
3817 43
2027 50
180 42
8810 50
9441 29
5830 77
706 25
1665 12
7494 42
9387 50
8795 5
2847 47
9272 63
1175 26
6539 5
6994 43
7625 72
309 73
7608 53
288 30
4113 49
2152 87
511 64
4730 1
7882 87
9660 44
9277 54
7760 24
8767 89
9111 38
775 1
2794 5
7711 1
8243 80
9662 54
9557 13
8647 61
275 64
9069 18
9543 79
730 50
6839 66
9643 31
9419 2
6026 41
9333 16
4065 5
4699 34
7835 2
3568 51
9625 41
8293 19
2733 66
2706 38
7947 9
7920 12
802 66
771 15
9957 55
3928 13
7460 50
1988 5
5279 88
2461 54
1342 52
149 20
4429 83
2799 78
7445 84
1481 64
5133 44
7796 77
5586 53
1427 56
5916 72
2817 66
7393 25
9133 26
5725 43
7693 65
2964 83
8424 72
1863 27
9412 86
3635 76
1699 10
1580 35
5985 78
6038 8
8175 46
8939 88
9184 15
5241 74
1847 58
1587 34
9944 35
4353 53
7035 67
6484 60
1066 13
4230 7
7754 48
4041 69
563 84
7868 20
8889 72
2375 56
7963 42
7835 46
3669 40
3628 15
2990 86
4064 18
106 81
3775 59
4534 30
4351 50
3424 78
7844 60
8856 51
3915 79
4439 29
3938 75
4335 73
7359 37
1096 20
898 35
4722 18
7153 35
1598 83
774 80
6764 66
4140 62
2900 72
5310 22
3247 45
8442 78
6071 52
4138 49
5462 16
5074 18
6622 25
7975 2
5166 51
5983 56
2601 3
8469 37
1282 70
3966 56
7340 83
4155 30
9096 26
5568 20
8575 71
320 26
3296 19
2350 15
7642 32
268 66
2049 26
4536 84
7136 15
6814 16
3975 52
4049 77
4862 58
9977 80
758 24
391 56
924 15
5131 77
7031 17
8869 22
9541 53
5871 51
3504 28
6035 31
6077 44
209 52
4706 8
4120 13
4473 14
5160 55
505 13
7430 13
1436 82
9277 54
4702 76
3239 56
8723 89
7875 52
5839 66
6857 86
9735 89
2024 89
9983 15
2673 27
2772 38
6686 53
7227 25
3654 22
4505 43
6716 24
6596 56
6225 2
7671 15
5468 78
8337 16
6203 33
954 70
5494 11
7767 85
77 7
8825 80
3748 86
7147 40
3453 85
3016 61
7003 75
6153 51
1427 70
9564 13
349 49
5162 15
882 76
3457 63
1322 37
7938 5
5965 36
8937 44
6435 56
8006 61
5656 74
1189 20
4931 8
6050 34
8740 24
9152 60
1375 13
9318 38
1800 61
9571 36
4195 67
2292 38
4841 47
5743 19
2955 80
1695 45
3261 61
8305 20
4630 64
6305 38
9471 60
4950 87
3912 40
9123 75
1785 73
7206 8
5542 34
9643 66
6519 67
4009 37
38 75
4395 84
787 51
8295 88
6474 43
4581 71
2084 25
1979 69
9284 60
6856 28
7512 11
7827 19
9997 17
4289 32
848 49
3632 35
9506 45
4427 48
2642 8
3093 15
4268 20
5547 32
9166 44
5151 52
2435 43
176 32
2527 79
9387 85
6195 15
934 76
1878 15
254 56
2915 42
6316 57
9035 26
869 60
2026 8
4374 50
7782 60
2778 15
4941 34
4868 74
1316 31
9685 59
9489 31
6240 38
6185 29
6882 47
7969 36
3902 10
6980 4
9998 82
7303 76
6640 62
2480 57
3561 81
1344 83
7685 84
6058 60
1859 68
473 42
5461 26
970 88
3710 85
1374 33
5672 20
8989 47
6960 66
9989 82
9816 65
2339 69
284 75
5314 75
479 73
5695 27
3923 55
3313 11
3291 14
5393 17
6913 8
4427 52
9554 45
2817 42
9402 31
