554
9745 70
171 37
3867 3
5144 40
1271 14
86 1
7163 11
7856 7
9484 31
2139 83
3424 17
1781 22
9318 11
4452 24
2588 57
1209 13
6789 61
5874 25
906 18
8227 80
5579 72
6206 32
6449 88
4082 1
2413 19
7268 52
6085 4
5291 63
9147 40
6576 5
254 71
2448 40
5270 16
7636 65
8039 63
871 21
7009 79
9564 46
1278 14
4679 10
2337 47
9425 58
7072 4
2884 23
3359 27
5519 6
4825 16
9199 61
7048 78
3063 7
9164 21
9809 59
7813 22
2221 43
6702 47
4696 8
6646 60
2697 68
4464 48
3952 46
6191 67
1544 27
2563 35
1618 59
542 3
3450 25
6588 45
1238 74
9437 6
9615 86
1872 21
8072 72
6122 47
3292 11
4309 71
5993 21
7919 17
2471 77
1430 74
5128 62
7839 61
4500 29
9038 74
9446 74
6009 6
5938 65
7060 16
9113 76
9869 30
537 63
7993 3
9932 66
3442 51
2510 18
6310 18
1338 19
5026 86
7005 8
1401 16
5775 16
2575 12
9547 10
9015 87
9004 6
6877 61
6929 18
8584 51
2046 15
5705 27
4343 39
8999 78
3620 80
6689 7
6827 10
8719 84
4325 25
3724 35
1325 1
2900 16
8033 55
2119 9
1201 46
4906 20
8505 28
6587 51
5438 43
4160 56
1625 44
7288 70
4759 34
7244 72
9734 1
124 84
5858 87
3446 24
5199 81
3011 13
9721 29
6862 27
9450 39
1386 64
4164 67
9596 41
5821 79
1297 84
1526 68
7801 1
6489 66
7324 60
5201 34
6405 38
1744 33
7970 74
1919 56
6382 71
6162 26
1214 76
4908 11
948 82
8732 26
6782 9
6949 23
8951 82
7739 18
8687 57
6226 8
3535 78
2878 75
7820 40
5456 66
4485 75
7264 77
8853 74
4536 17
9774 34
1062 78
7570 41
6967 48
7254 73
5796 49
4120 5
4735 22
1419 28
6755 77
7199 64
1736 15
9538 18
2543 79
8406 15
8635 20
6221 20
5042 77
6540 43
887 22
7707 80
2016 47
9433 34
5445 33
9878 72
6940 87
3138 22
8479 86
4975 17
6215 60
7119 24
3276 12
6482 88
4269 46
4589 88
4436 39
6691 63
4804 28
8445 6
7390 43
1756 36
1986 13
4552 26
6578 22
7489 41
2289 64
329 81
8882 45
35 47
3677 63
4938 76
9300 88
8562 27
7624 16
3296 57
4206 20
869 18
4573 79
2568 25
6019 43
5223 9
7054 12
8908 72
6972 62
7478 86
5508 45
4136 56
1228 6
2636 6
4496 64
3523 4
8987 57
8968 34
4972 82
9102 82
1584 67
3088 8
8440 60
7581 82
8870 64
3026 42
506 63
5199 42
3511 4
5626 5
3598 7
1244 49
3379 84
2264 88
7374 86
1370 54
9533 71
2077 75
6996 47
5360 71
8567 43
4873 17
2194 33
9987 89
6702 36
5064 10
5003 14
1731 4
567 17
7587 23
948 67
7317 3
3856 52
4730 17
6167 82
3405 44
4908 46
922 68
2735 80
3409 86
9937 69
2010 37
41 7
1190 31
6782 63
6425 76
8542 26
343 3
5669 81
8456 49
5815 65
327 73
9571 58
1625 56
5776 66
1140 1
1560 74
9740 52
1301 4
6939 53
5589 65
8965 69
3988 41
6598 2
537 16
8157 85
429 22
3311 21
2991 1
456 29
3955 61
6394 25
2154 73
7836 7
379 62
333 83
1407 51
7576 80
1633 33
8980 10
9326 84
4657 83
9998 46
7245 70
8488 6
7453 59
6051 61
7874 40
4162 9
6801 22
9767 35
9848 63
1052 82
7272 54
4013 27
5375 16
814 78
2463 17
9862 21
7953 13
1005 36
1440 57
5428 77
2301 30
8537 18
3739 37
5112 43
5120 55
4334 79
5511 48
7342 61
4007 34
4444 71
8416 57
7022 21
1690 13
9089 82
3788 82
4999 36
9250 31
4758 78
9730 6
7232 7
6501 32
6064 62
3320 77
179 37
8983 87
5539 12
5029 47
7886 68
3054 56
4850 76
4656 32
3646 4
951 30
7841 18
9651 5
1448 81
3716 21
8728 41
8821 18
1980 15
7975 55
2323 7
8678 34
8193 15
1911 44
4984 40
6786 21
564 67
9923 62
8944 51
2557 18
1858 72
9259 50
9514 61
2280 54
496 76
5532 65
3269 18
7949 27
2750 9
6763 39
3693 21
9335 6
2101 55
7907 21
6958 44
8814 84
4196 28
108 22
4504 14
2675 64
7661 33
1928 62
6341 65
9494 88
5428 41
7656 23
8808 21
6009 63
3605 35
2662 8
3905 73
5233 7
8670 69
241 28
407 13
5185 59
2466 41
5830 33
3064 77
9616 86
100 69
192 21
58 5
102 49
4058 10
9275 13
8268 44
5680 56
5280 50
4182 40
9392 4
3816 24
4360 74
7543 78
2241 7
8368 12
1942 28
2143 58
1933 79
2511 23
1454 80
745 52
7564 20
2972 28
7461 9
9475 26
9935 25
6481 81
4999 53
8655 9
4117 80
3932 41
848 75
2164 12
6265 53
7970 87
1109 68
6678 13
9739 42
4576 30
4657 9
1725 87
3016 14
7786 86
4507 76
8876 24
7621 12
818 25
9155 24
9035 59
1048 12
3366 48
2786 29
108 16
4810 62
6897 22
8627 57
9028 59
9986 43
6301 72
6246 35
2843 76
467 77
1674 58
5804 84
1696 63
8825 79
6549 13
2978 55
6254 46
2563 23
3437 33
2402 75
5571 34
2139 36
2726 32
5533 41
3580 64
5635 57
7596 57
948 48
3880 68
7003 32
7721 53
5995 35
2439 77
6446 85
931 57
1086 3
6690 82
6960 64
8882 27
3073 65
5968 47
1100 2
4690 51
6241 51
6189 83
3646 48
8676 19
1682 37
2585 72
8729 46
3678 77
490 12
909 58
3549 23
3896 25
2321 54
2478 13
4244 46
