712
5916 12
222 23
2535 60
4719 21
7591 40
2243 32
7635 37
3821 22
9633 5
9147 26
697 66
4333 66
5838 27
1217 7
251 50
1365 55
2669 23
459 56
2967 4
5892 22
8166 56
4145 34
1915 63
1490 20
3154 11
8051 16
4463 39
4578 7
6077 40
9006 1
7673 15
6137 15
2585 33
1903 66
8390 80
7811 43
3336 55
7719 25
3608 55
176 74
5895 66
6886 56
3315 47
6480 76
9755 62
5863 41
1291 56
6885 84
3229 71
2542 9
601 55
6510 47
8476 11
4487 16
8023 22
3865 14
7927 11
8793 69
6802 30
2495 60
5919 27
6771 47
2053 89
5844 43
7668 24
9239 76
4977 72
5302 19
5258 49
2055 62
1059 26
667 88
7161 24
3768 76
2338 61
2070 76
4836 80
6958 48
5284 37
2180 20
7391 30
3848 56
3962 18
4275 2
4228 8
7866 35
1525 69
9901 15
3945 54
8376 54
9307 44
4669 15
7174 87
6714 35
2319 47
9774 71
808 9
8701 72
7414 50
1328 86
2107 67
4277 29
7673 11
5052 36
4363 21
9038 18
532 73
863 37
7351 19
5259 11
1832 68
6032 58
8868 17
1293 29
7252 49
8280 55
5665 83
5473 73
3284 43
3251 79
9041 50
661 36
9507 69
5074 9
5581 20
7456 40
788 55
520 89
3428 30
3732 30
1470 37
3729 87
3046 55
361 64
4053 24
5054 4
9226 88
4916 11
8987 9
9387 26
9605 59
1835 58
4555 55
4464 87
7639 70
7954 63
7528 78
4549 88
9310 28
8674 35
5976 86
3798 86
4906 80
1005 58
8404 81
3831 2
2296 49
4190 69
7495 52
9972 39
3923 41
3841 34
733 45
9 19
4155 70
2844 31
5616 23
9816 49
9425 25
5339 61
8002 23
2744 38
5215 41
6872 84
5138 72
7371 64
3598 78
7793 46
1005 87
6730 48
4456 32
3824 53
3877 29
1506 13
9572 23
846 82
4567 43
1879 77
8878 38
4061 73
7961 79
8698 59
3156 44
1438 26
6720 62
5348 54
2038 39
7405 38
6360 29
5837 61
1476 27
6565 75
9329 79
1078 48
4168 78
7053 26
5731 89
5655 44
9440 31
5455 10
2092 47
3218 35
167 60
3852 47
933 24
7466 46
7233 18
9647 71
1605 1
9027 11
6125 67
6646 25
4578 52
8033 36
1679 74
678 21
2210 43
8989 69
9057 58
700 52
2518 77
4614 73
8728 69
592 35
500 56
1155 42
9277 6
4225 52
4084 1
1920 68
2805 55
3441 59
9722 42
3366 62
3698 15
7023 84
2759 36
3455 79
5660 62
7028 15
9047 17
4343 86
5146 34
258 84
659 86
9685 43
1041 66
1938 34
5773 24
8024 86
4880 27
1806 72
7513 53
5698 44
1927 43
3820 52
3625 66
6545 56
1848 67
1754 42
5783 74
4504 5
6060 52
5106 52
9863 57
8453 74
9700 47
7606 24
8917 56
5644 7
3213 85
5346 46
7366 38
3155 13
5874 66
9805 15
3227 69
10000 38
405 9
3539 24
8459 31
3211 9
7396 16
8098 75
1738 68
6299 86
1716 10
5072 69
7477 11
3165 17
7575 57
8980 22
9325 76
7269 23
9129 43
3020 31
8981 82
3388 89
3973 22
3963 6
5442 33
4782 56
857 86
5782 81
8170 45
4344 86
1778 46
6702 68
2178 17
1433 69
7300 34
9871 87
1508 61
5316 44
7634 3
1760 59
5915 81
2644 28
5157 17
9916 34
6084 43
6444 76
771 69
8086 8
4386 87
9894 57
2524 78
1984 27
9762 62
1563 75
7307 77
7178 71
9785 57
2394 24
2216 14
2253 73
5700 36
1935 45
8226 74
4396 9
8364 8
719 46
1499 44
7511 77
3655 36
6970 48
547 89
7482 35
8983 42
5533 72
6930 42
4111 69
8892 22
6679 61
9602 22
5806 17
2309 10
4341 57
504 28
4092 58
5454 65
7996 50
4194 48
1451 69
6294 30
309 65
1230 8
2192 84
7748 37
2230 33
6925 42
3569 33
3670 75
4460 25
6630 30
4597 78
2466 58
7145 26
5788 23
6201 31
10 23
557 13
1074 78
6763 14
305 15
5437 30
446 44
3043 77
1141 39
4653 62
1067 47
8682 5
752 81
381 80
3820 40
7490 11
3729 47
5527 32
7017 85
4543 14
5463 24
3255 16
3212 28
7026 51
6798 86
7320 80
1 38
5837 36
7197 58
6776 46
6258 23
7459 8
7787 68
8387 67
2329 9
1102 51
3994 36
564 3
9437 53
7095 81
6575 55
7601 68
4290 39
109 83
3644 34
2432 67
2630 52
6661 79
696 52
4909 25
917 1
3537 38
4741 2
7763 42
9008 86
1250 7
6056 34
925 20
2014 32
6721 48
3065 44
8969 83
3121 77
4533 71
6147 51
5666 8
8091 64
5741 74
7263 53
9144 88
662 12
8068 30
4183 37
4984 10
5504 68
6375 16
8242 45
6860 69
8764 89
6338 43
767 31
4808 4
1765 31
1812 2
8413 67
4979 57
9128 10
5629 70
2396 43
8425 47
2254 13
466 41
2551 49
8920 40
5843 70
7786 14
5125 44
6346 54
4778 25
9456 67
4775 12
2705 54
3736 21
8249 62
1386 24
7076 79
7567 55
1421 42
9561 1
2733 50
4235 83
1786 82
9832 85
5397 12
3151 87
7984 19
3421 81
1756 27
3346 78
4044 33
5430 33
7893 52
9731 70
9630 6
5091 87
8575 13
7855 81
4138 37
5090 5
7856 89
1810 28
936 49
862 46
284 60
6581 82
4383 52
6596 38
8027 47
1006 59
4665 61
8361 12
3832 60
3342 51
2126 84
2089 19
8406 51
7449 19
7687 17
3078 16
8752 43
6567 15
9422 42
4111 16
5129 47
7937 41
6433 15
2408 16
8039 24
1517 14
4080 7
7064 30
6970 12
768 36
3356 53
7465 63
4701 81
3921 64
4085 40
7110 61
7149 53
735 40
2501 17
2201 32
6917 59
2797 62
2982 19
8336 43
8648 4
5320 21
3472 53
4957 85
1829 9
4260 48
5449 22
1856 61
7164 5
6559 83
5756 9
4351 21
3037 45
3536 51
5512 77
1243 42
6615 77
7799 32
6577 8
3354 30
9964 4
4506 88
9682 51
1220 83
2744 15
4038 44
6820 14
2169 13
6843 67
5034 13
7585 5
3687 18
9959 23
9629 65
557 56
1706 42
2926 58
7320 62
6981 43
6785 45
7832 9
1819 25
9321 68
2908 3
9783 87
7043 8
4398 31
301 89
3705 6
4901 10
2479 7
6675 75
4264 31
7934 27
2320 36
2689 87
2832 27
5090 42
4192 27
2410 19
373 81
9110 51
5447 65
5322 41
6564 85
9620 31
5059 74
5649 7
930 11
7984 84
1472 88
9684 30
6533 47
197 63
5366 31
2550 57
7405 22
768 44
9914 61
3693 59
682 39
2553 35
76 62
311 47
7383 10
7721 88
3377 37
8054 80
3941 7
3389 9
5625 62
3309 40
7180 14
342 54
2748 38
1322 61
402 17
4330 70
4312 46
9883 43
9766 1
4039 48
2561 74
5458 5
163 16
6004 84
6832 78
7831 76
7110 41
4996 38
709 46
7051 57
8500 59
837 15
5619 52
3437 25
7289 85
4640 59
1537 59
5891 57
5956 59
6155 54
2562 43
4243 30
8299 43
2354 46
6806 23
7654 13
4363 38
7919 54
1586 55
6692 77
6593 65
3032 43
4910 56
6873 68
5777 50
223 27
4490 68
7910 10
8294 66
1033 5
5068 39
9501 69
5691 31
